,City,Lat,Lng,Max Temp,Humidity,Cloudiness,Wind Speed,Country,Date
0,waitangi,-43.9535,-176.5597,14.34,95,100,2.24,NZ,1711482336
1,felanitx,39.4696,3.1483,13.29,64,100,8.34,ES,1711482336
2,bredasdorp,-34.5322,20.0403,18.34,82,100,5.57,ZA,1711482337
3,port-aux-francais,-49.35,70.2167,5.2,90,100,15.29,TF,1711482338
4,tiksi,71.6872,128.8694,-28.65,98,99,3.56,RU,1711482338
5,saipan,15.1355,145.701,26.39,1,40,4.12,MP,1711482339
6,edinburgh of the seven seas,-37.0676,-12.3116,17.26,75,100,6.12,SH,1711482339
7,broken hill,-31.95,141.4333,16.06,43,72,4.77,AU,1711482340
8,petropavlovsk-kamchatsky,53.0452,158.6483,-4.67,58,75,3.0,RU,1711482341
9,aasiaat,68.7098,-52.8699,-6.28,89,100,4.43,GL,1711482341
10,talnakh,69.4865,88.3972,-30.14,96,41,3.55,RU,1711482342
11,auki,-8.7676,160.7034,25.91,88,68,1.57,SB,1711482343
12,atafu village,-8.5421,-172.5159,29.47,72,100,6.52,TK,1711482343
13,adamstown,-25.066,-130.1015,24.21,65,3,5.55,PN,1711482344
14,fale old settlement,-9.3852,-171.2468,29.56,74,100,6.71,TK,1711482344
15,manokwari,-0.8667,134.0833,25.72,81,84,0.78,ID,1711482345
16,flying fish cove,-10.4217,105.6791,25.82,88,75,4.63,CX,1711482346
17,kariba,-16.5167,28.8,24.2,64,5,2.84,ZW,1711482346
18,isafjordur,66.0755,-23.124,-4.64,73,94,5.56,IS,1711482347
19,nova olinda do norte,-3.8881,-59.0942,29.81,69,87,1.51,BR,1711482347
20,blackmans bay,-43.0167,147.3167,8.74,85,54,0.89,AU,1711482348
21,tura,25.5198,90.2201,17.69,86,4,1.99,IN,1711482349
22,lebu,-37.6167,-73.65,17.7,85,35,5.69,CL,1711482350
23,avarua,-21.2078,-159.775,29.03,79,20,3.6,CK,1711482201
24,port alfred,-33.5906,26.891,20.1,95,100,1.79,ZA,1711482351
25,miyaly,48.8844,53.7836,5.5,95,100,8.68,KZ,1711482352
26,college,64.8569,-147.8028,5.25,67,75,0.0,US,1711482344
27,chantada,42.6088,-7.7712,5.29,96,100,2.78,ES,1711482354
28,pangkalanbuun,-2.6833,111.6167,24.11,97,73,0.19,ID,1711482354
29,kujang-up,39.8672,126.0303,3.27,92,45,1.13,KP,1711482355
30,klyuchi,52.2667,79.1667,-0.33,95,100,3.11,RU,1711482355
31,touros,-5.1989,-35.4608,28.45,76,98,5.29,BR,1711482126
32,el gouna,27.3942,33.6782,20.05,36,65,2.81,EG,1711482357
33,yellowknife,62.456,-114.3525,-1.71,54,20,4.12,CA,1711482336
34,necochea,-38.5473,-58.7368,24.55,39,75,4.62,AR,1711482358
35,walvis bay,-22.9575,14.5053,17.27,71,5,5.08,NA,1711482359
36,puerto deseado,-47.7503,-65.8938,20.86,39,0,4.69,AR,1711482081
37,praia da vitoria,38.7333,-27.0667,17.14,77,75,8.14,PT,1711482360
38,kapa'a,22.0752,-159.319,24.99,81,75,7.72,US,1711482280
39,papatowai,-46.5619,169.4708,6.16,95,93,9.47,NZ,1711482361
40,katsuura,35.1333,140.3,7.28,77,31,8.89,JP,1711482362
41,grytviken,-54.2811,-36.5092,4.05,78,48,2.41,GS,1711482362
42,egilsstadir,65.2653,-14.3948,-5.05,80,75,0.0,IS,1711482363
43,margaret river,-33.95,115.0667,12.99,84,3,2.49,AU,1711482364
44,zhanibek,49.4167,46.85,3.66,93,100,9.45,KZ,1711482364
45,pontianak,-0.0333,109.3333,23.99,100,100,2.06,ID,1711482365
46,georgetown,5.4112,100.3354,28.96,85,40,2.57,MY,1711482313
47,new norfolk,-42.7826,147.0587,9.4,97,26,1.12,AU,1711482366
48,iqaluit,63.7506,-68.5145,-13.15,65,20,4.12,CA,1711482367
49,albany,42.6001,-73.9662,11.52,93,100,2.4,US,1711482368
50,hirara,24.8,125.2833,19.15,77,100,5.14,JP,1711482368
51,sitka,57.0531,-135.33,7.94,81,75,1.54,US,1711482369
52,jiangyou,31.7667,104.7167,12.84,82,100,0.8,CN,1711482370
53,brisas de zicatela,15.8369,-97.0419,26.29,78,0,6.17,MX,1711482371
54,longyearbyen,78.2186,15.6401,-15.09,78,75,2.06,SJ,1711482371
55,thunder bay,48.4001,-89.3168,-5.01,80,100,4.63,CA,1711482194
56,mata-utu,-13.2816,-176.1745,29.62,71,90,4.01,WF,1711482373
57,jamestown,42.097,-79.2353,12.77,57,100,6.17,US,1711482291
58,harstad,68.799,16.5293,-2.34,94,100,3.58,NO,1711482374
59,lihue,21.9789,-159.3672,24.58,81,75,7.72,US,1711482256
60,zhongshan,21.3226,110.5829,22.31,92,82,3.27,CN,1711482375
61,casa grande,32.8795,-111.7573,20.64,37,0,3.6,US,1711482125
62,mount isa,-20.7333,139.5,22.87,78,54,3.09,AU,1711482377
63,cambria,35.5641,-121.0808,18.09,80,5,1.79,US,1711482138
64,invercargill,-46.4,168.35,7.23,87,100,3.58,NZ,1711482380
65,alice springs,-23.7,133.8833,19.75,95,100,3.6,AU,1711482380
66,port lincoln,-34.7333,135.8667,15.46,74,5,4.99,AU,1711482381
67,remire-montjoly,4.9167,-52.2667,31.02,62,93,6.17,GF,1711482382
68,pandan,14.0453,124.1694,26.26,92,13,3.71,PH,1711482383
69,olonkinbyen,70.9221,-8.7187,-3.6,59,75,4.65,SJ,1711482384
70,ust-nera,64.5667,143.2,-19.91,89,100,1.01,RU,1711482384
71,west island,-12.1568,96.8225,26.99,89,100,2.06,CC,1711482385
72,villa de san francisco,14.1667,-86.9667,33.71,23,97,4.0,HN,1711482386
73,rey bouba,8.6724,14.1786,30.35,11,44,0.18,CM,1711482387
74,port blair,11.6667,92.75,26.02,94,1,1.03,IN,1711482388
75,fauske,67.2588,15.3918,-1.98,76,83,4.23,NO,1711482389
76,olyokminsk,60.3736,120.4264,-9.0,97,79,1.45,RU,1711482389
77,ushuaia,-54.8,-68.3,15.81,51,75,5.66,AR,1711482225
78,hasaki,35.7333,140.8333,6.27,68,100,11.34,JP,1711482390
79,thinadhoo,0.5333,72.9333,28.45,71,100,0.43,MV,1711482391
80,nar'yan-mar,67.6713,53.087,-14.94,97,100,1.34,RU,1711482392
81,port elizabeth,-33.918,25.5701,20.05,96,40,3.09,ZA,1711482392
82,jwaneng,-24.6004,24.7303,22.62,44,75,5.21,BW,1711482393
83,port macquarie,-31.4333,152.9167,16.05,93,12,1.98,AU,1711482211
84,puerto natales,-51.7236,-72.4875,14.25,54,40,13.38,CL,1711481898
85,hami,42.8,93.45,9.54,35,3,0.88,CN,1711482395
86,puerto ayora,-0.7393,-90.3518,27.98,98,50,3.13,EC,1711482396
87,vilyuchinsk,52.9306,158.4028,-3.85,80,62,3.56,RU,1711482397
88,mejit,10.2753,170.8646,26.98,71,100,8.37,MH,1711482397
89,happy valley-goose bay,53.3168,-60.3315,0.17,25,40,2.57,CA,1711482309
90,saldanha,-33.0117,17.9442,18.03,86,84,11.88,ZA,1711482399
91,beyneu,45.3167,55.2,8.16,77,100,10.29,KZ,1711482399
92,baoding,38.8511,115.4903,11.25,83,100,1.6,CN,1711482400
93,ust-tsilma,65.441,52.1498,-19.1,100,53,1.34,RU,1711482401
94,arraial do cabo,-22.9661,-42.0278,24.98,88,100,4.12,BR,1711482401
95,thompson,55.7435,-97.8558,-7.91,27,20,6.17,CA,1711482373
96,labytnangi,66.6572,66.4183,-23.35,93,9,2.23,RU,1711482402
97,tuy hoa,13.0833,109.3,23.81,93,4,0.59,VN,1711482403
98,posto fiscal rolim de moura,-13.0833,-62.2667,30.71,63,86,0.98,BR,1711482181
99,bilibino,68.0546,166.4372,-23.81,84,5,1.32,RU,1711482404
100,fortuna,40.5982,-124.1573,16.07,67,20,1.54,US,1711482405
101,cam ranh,11.9214,109.1591,27.98,74,20,2.06,VN,1711482406
102,lalian,31.8241,72.7997,25.56,26,100,3.12,PK,1711482406
103,gallipoli,40.4103,26.6708,10.92,65,100,5.21,TR,1711482408
104,bentiu,9.2333,29.8333,31.53,13,100,2.43,SS,1711482408
105,vorkuta,67.5,64.0,-26.31,100,61,0.8,RU,1711482409
106,palmer,42.1584,-72.3287,9.15,61,100,5.14,US,1711482258
107,sassandra,4.95,-6.0833,27.37,87,93,3.2,CI,1711482410
108,tolanaro,-25.0319,46.9987,24.04,78,40,6.17,MG,1711482411
109,punta arenas,-53.15,-70.9167,14.06,58,75,11.83,CL,1711482411
110,hanzhong,33.0728,107.0303,12.77,86,100,1.72,CN,1711482412
111,meadow lakes,61.6247,-149.6011,5.9,70,20,4.12,US,1711482413
112,iskateley,67.6803,53.1512,-14.99,97,100,1.34,RU,1711482414
113,whitehorse,60.7161,-135.0538,3.9,64,75,5.14,CA,1711482285
114,khandyga,62.6667,135.6,-10.37,96,100,1.74,RU,1711482415
115,kununurra,-15.7667,128.7333,25.99,94,59,0.0,AU,1711482415
116,port saint john's,-31.6229,29.5448,23.73,86,74,3.39,ZA,1711482416
117,ta`u,-14.2336,-169.5144,29.12,77,100,6.15,AS,1711482417
118,alofi,-19.0595,-169.9187,25.94,89,75,2.06,NU,1711482417
119,dudinka,69.4058,86.1778,-30.18,95,45,3.58,RU,1711482418
120,barcelos,41.5388,-8.6151,12.08,84,69,7.05,PT,1711482149
121,great bend,38.3645,-98.7648,1.45,63,0,7.72,US,1711482419
122,hermanus,-34.4187,19.2345,17.11,85,100,6.09,ZA,1711482420
123,santyoku,37.4406,129.1708,4.68,78,100,2.09,KR,1711482421
124,parun,35.4207,70.9221,3.52,98,100,0.79,AF,1711482421
125,union de san antonio,21.1,-101.9667,29.01,5,0,8.94,MX,1711482422
126,siler city,35.7235,-79.4622,15.76,43,100,0.0,US,1711482423
127,kodiak,57.79,-152.4072,3.73,81,0,0.0,US,1711482424
128,bethel,41.3712,-73.414,12.15,61,100,0.89,US,1711482277
129,barguzin,53.6167,109.6167,-4.29,92,95,2.54,RU,1711482425
130,fort bragg,35.139,-79.006,21.01,42,0,3.6,US,1711482425
131,kirensk,57.7853,108.1119,-6.72,87,99,5.36,RU,1711482426
132,chonchi,-42.6128,-73.8092,16.56,68,94,0.51,CL,1711482427
133,stanley,54.868,-1.6985,4.84,91,75,5.14,GB,1711482260
134,york,40.1254,-77.0,13.95,46,0,3.6,US,1711482429
135,constantia,44.1833,28.65,5.39,72,91,5.02,RO,1711482262
136,enewetak,11.3474,162.3373,27.02,77,57,8.77,MH,1711482430
137,vernon,50.2581,-119.2691,12.56,44,85,2.06,CA,1711482223
138,hawaiian paradise park,19.5933,-154.9731,25.49,83,75,2.06,US,1711482431
139,morant bay,17.8815,-76.4093,31.79,67,38,4.85,JM,1711482432
140,barh,25.4833,85.7167,24.26,31,60,2.73,IN,1711482432
141,ban karon,7.8477,98.2985,26.95,77,74,5.87,TH,1711482433
142,iturama,-19.7281,-50.1956,23.05,82,100,3.35,BR,1711482434
143,malango,-2.9627,119.9001,20.43,98,100,0.45,ID,1711482434
144,wailua homesteads,22.0669,-159.378,24.24,81,75,7.72,US,1711482435
145,kapuskasing,49.4169,-82.4331,4.05,75,100,8.23,CA,1711482362
146,santana,-0.0583,-51.1817,31.1,70,40,5.14,BR,1711482437
147,nadym,65.5333,72.5167,-18.66,100,80,2.64,RU,1711482438
148,kovur,14.4833,79.9833,23.9,80,0,2.87,IN,1711482438
149,karwar,14.8,74.1333,25.64,82,79,2.38,IN,1711482439
150,san jose,37.3394,-121.895,17.17,61,100,2.06,US,1711482070
151,tailai,46.3833,123.4,2.28,47,15,4.8,CN,1711482441
152,abepura,-2.6333,140.5833,24.45,94,20,1.03,ID,1711482442
153,gao,16.6362,1.637,31.33,15,100,0.86,ML,1711482443
154,khorixas,-20.3667,14.9667,23.58,57,59,4.7,NA,1711482443
155,naze,28.3667,129.4833,15.51,69,39,5.73,JP,1711482444
156,barreiro do jaiba,-15.6167,-43.6,33.28,30,35,0.81,BR,1711482445
157,leteri,24.05,77.4,27.09,23,12,3.79,IN,1711482446
158,hamilton,39.1834,-84.5333,17.34,73,75,11.83,US,1711482239
159,brookings,44.3114,-96.7984,-5.31,82,100,11.83,US,1711482447
160,rio grande,-32.035,-52.0986,25.06,57,37,4.11,BR,1711482448
161,kailua-kona,19.6406,-155.9956,26.98,76,75,5.66,US,1711482183
162,udachny,66.4167,112.4,-26.57,98,100,2.59,RU,1711482449
163,ribeira grande,38.5167,-28.7,16.22,82,75,11.32,PT,1711482450
164,byron bay,-28.65,153.6167,20.39,91,100,3.26,AU,1711482303
165,geraldton,-28.7667,114.6,14.23,77,0,1.54,AU,1711482450
166,ilulissat,69.2167,-51.1,-2.99,86,75,4.12,GL,1711482452
167,ploudalmezeau,48.5333,-4.65,8.49,74,75,3.09,FR,1711482452
168,queenstown,-31.8976,26.8753,17.79,85,76,1.52,ZA,1711482309
169,namibe,-15.1961,12.1522,25.22,72,21,2.26,AO,1711482454
170,plettenberg bay,-34.0527,23.3716,18.03,90,100,2.13,ZA,1711482455
171,codrington,-38.2667,141.9667,12.73,84,0,1.92,AU,1711482455
172,mukalla,14.5425,49.1242,28.45,71,100,0.87,YE,1711482456
173,sao jose da coroa grande,-8.8978,-35.1478,28.49,77,48,3.68,BR,1711482457
174,acapulco de juarez,16.8634,-99.8901,25.9,69,40,4.12,MX,1711482188
175,waiuku,-37.25,174.75,19.62,90,50,4.2,NZ,1711482458
176,susuman,62.7833,148.1667,-22.79,100,100,0.45,RU,1711482459
177,pont-a-mousson,48.9079,6.0589,13.21,87,0,2.06,FR,1711482459
178,uyar,55.81,94.3153,-12.19,93,55,2.59,RU,1711482460
179,gobabis,-22.45,18.9667,18.64,79,92,3.76,NA,1711482461
180,akobo,7.4344,3.9497,28.16,68,99,2.96,NG,1711482461
181,malanje,-9.5402,16.341,19.62,91,84,0.57,AO,1711482462
182,altayskoye,51.9533,85.3325,-0.7,94,100,1.92,RU,1711482462
183,san mariano,7.5,126.0,21.82,91,100,1.33,PH,1711482463
184,bodo,67.28,14.405,-1.98,64,40,3.6,NO,1711482464
185,tosontsengel,48.7567,98.2839,-18.21,97,12,3.32,MN,1711482464
186,baruun-urt,46.6806,113.2792,-4.7,69,94,2.0,MN,1711482465
187,taro,-8.3862,115.28,23.0,93,94,0.07,ID,1711482466
188,machali,-34.1833,-70.6667,27.83,30,100,3.17,CL,1711482466
189,tipasa,36.5897,2.4475,12.39,69,100,8.46,DZ,1711482467
190,inarajan village,13.2736,144.7484,26.08,95,34,5.13,GU,1711482468
191,dalai,45.5,124.3,2.73,49,59,5.05,CN,1711482468
192,vadso,70.0744,29.7487,-12.51,72,0,1.54,NO,1711482469
193,uglegorsk,49.0833,142.0333,-6.89,87,8,1.88,RU,1711482470
194,velikiy novgorod,58.5167,31.2833,5.55,79,95,2.92,RU,1711482470
195,amla,21.9333,78.1167,26.58,23,0,2.59,IN,1711482471
196,mount pearl,47.5166,-52.7813,2.96,56,100,1.79,CA,1711482446
197,igrim,63.1906,64.4162,-7.02,96,100,2.22,RU,1711482472
198,pisco,-13.7,-76.2167,25.03,73,0,3.09,PE,1711482473
199,tinogasta,-28.0632,-67.5649,30.15,37,33,4.48,AR,1711482303
200,minas de marcona,-15.2119,-75.1103,22.24,65,22,4.81,PE,1711482474
201,utrik,11.2278,169.8474,26.78,71,77,8.3,MH,1711482475
202,campoverde,-8.4753,-74.8058,26.83,56,89,2.98,PE,1711482475
203,nishinoomote,30.7333,131.0,14.72,71,100,4.57,JP,1711482476
204,hannibal,39.7084,-91.3585,4.53,81,100,8.23,US,1711482477
205,mysen,59.5535,11.3258,2.95,97,100,1.34,NO,1711482307
206,abashiri,44.0213,144.2697,-3.1,86,34,3.33,JP,1711482478
207,san antonio de pale,-1.4014,5.6325,28.96,77,94,1.67,GQ,1711482479
208,beni,0.5,29.4667,19.07,97,100,0.72,CD,1711482479
209,fernie,49.5,-115.0687,7.05,84,97,1.73,CA,1711482340
210,ghadamis,30.1337,9.5007,25.13,17,0,4.87,LY,1711482481
211,ciudad lazaro cardenas,17.9583,-102.2,26.15,54,49,4.85,MX,1711482482
212,sao francisco,-15.9486,-44.8644,30.16,52,97,1.64,BR,1711482482
213,colonia,50.9333,6.95,13.23,55,0,3.09,DE,1711482483
214,dorogobuzh,54.915,33.2972,0.49,90,6,1.05,RU,1711482484
215,kristiansund,63.1115,7.732,3.03,51,0,4.12,NO,1711482484
216,sayat,38.7839,63.8803,12.93,68,4,3.04,TM,1711482485
217,macapa,0.0389,-51.0664,30.99,70,40,5.14,BR,1711482485
218,port mathurin,-19.6833,63.4167,24.96,68,100,8.37,MU,1711482487
219,arkhara,49.4212,130.0842,-6.8,89,6,2.24,RU,1711482487
220,mogocha,53.7333,119.7667,-9.08,98,100,0.74,RU,1711482488
221,timbuktu,16.7735,-3.0074,30.01,15,22,5.35,ML,1711482489
222,seabra,-12.4186,-41.7703,27.05,57,39,3.58,BR,1711482489
223,newman,37.3138,-121.0208,17.35,64,7,0.45,US,1711482314
224,mhamid,29.82,-5.72,14.9,23,5,11.09,MA,1711482491
225,barah,13.7,30.3667,23.73,11,81,5.34,SD,1711482491
226,nyurba,63.2842,118.3319,-17.34,96,100,3.8,RU,1711482492
227,severo-yeniseyskiy,60.3725,93.0408,-25.0,100,100,1.75,RU,1711482493
228,kenai,60.5544,-151.2583,4.05,87,100,2.06,US,1711482493
229,berwick-upon-tweed,55.7833,-2.0,5.56,76,100,7.23,GB,1711482494
230,tazacorte,28.629,-17.9293,17.54,72,20,8.75,ES,1711482495
231,rikaze,29.25,88.8833,0.1,12,2,0.67,CN,1711482496
232,katsuren-haebaru,26.3369,127.8719,18.01,72,75,3.6,JP,1711482496
233,tsiombe,-25.3,45.4833,22.17,76,55,6.11,MG,1711482497
234,qaqortoq,60.7167,-46.0333,0.0,75,100,1.96,GL,1711482498
235,shenjiamen,29.9576,122.298,9.4,88,94,3.09,CN,1711482498
236,redencao,-4.2258,-38.7306,26.99,89,100,1.55,BR,1711482499
237,lyantonde,-0.4031,31.1572,19.13,88,100,0.69,UG,1711482500
238,bad langensalza,51.1,10.65,10.12,60,93,1.85,DE,1711482501
239,churapcha,62.0025,132.4325,-10.12,96,100,2.58,RU,1711482501
240,nemuro,43.3236,145.575,-2.98,84,47,4.67,JP,1711482502
241,krosno odrzanskie,52.0549,15.0988,9.81,57,82,5.53,PL,1711482503
242,mulchen,-37.7167,-72.2333,27.92,47,0,3.78,CL,1711482503
243,crane,31.3974,-102.3501,18.46,19,5,7.24,US,1711482504
244,dompu,-8.5356,118.4622,23.65,94,97,0.3,ID,1711482505
245,badger,64.8,-147.5333,5.2,72,75,0.0,US,1711482506
246,robore,-18.3333,-59.75,31.88,46,83,4.71,BO,1711482506
247,nazyvayevsk,55.5698,71.3529,-0.92,97,100,4.01,RU,1711482507
248,karratha,-20.7377,116.8463,26.45,67,0,4.18,AU,1711482508
249,kuanda,56.3161,116.0806,-6.19,95,100,0.2,RU,1711482508
250,urengoy,65.9667,78.3667,-15.25,96,100,4.07,RU,1711482509
251,chinde,26.8418,88.0763,13.72,77,77,1.69,NP,1711482510
252,mahdia,35.5047,11.0622,18.97,81,0,5.7,TN,1711482511
253,sihanoukville,10.6093,103.5296,26.97,74,40,4.63,KH,1711482512
254,kupang,-10.1667,123.5833,25.32,100,75,0.51,ID,1711482514
255,nova sintra,14.8667,-24.7167,19.66,73,100,6.97,CV,1711482514
256,wewak,-3.5534,143.6268,26.38,84,41,1.56,PG,1711482515
257,yung shue wan,22.2333,114.1167,22.68,90,100,0.89,HK,1711482516
258,jolo,6.05,121.0167,25.63,81,95,0.58,PH,1711482516
259,forster,-32.1667,152.5167,15.72,100,15,1.76,AU,1711482517
260,slatina,44.4333,24.3667,10.81,47,100,6.12,RO,1711482518
261,port alberni,49.2413,-124.8028,11.6,75,100,1.58,CA,1711482519
262,novyy urgal,51.0736,132.5642,-14.43,99,81,0.81,RU,1711482520
263,rancho palos verdes,33.7445,-118.387,20.26,74,75,2.24,US,1711482414
264,ikungi,-5.1333,34.7667,17.23,98,100,2.43,TZ,1711482521
265,xai-xai,-25.0519,33.6442,22.15,84,0,2.13,MZ,1711482522
266,lubang,13.8584,120.124,27.12,84,29,6.65,PH,1711482523
267,la passe,45.5549,-0.8967,7.21,77,100,4.41,FR,1711482510
268,victorica,-36.2151,-65.4359,33.08,34,81,5.78,AR,1711482525
269,sinabang,2.4803,96.3801,27.67,76,100,1.22,ID,1711482527
270,beira,-19.8436,34.8389,28.05,88,40,5.36,MZ,1711482528
271,tamanrasset,22.785,5.5228,22.95,31,97,2.57,DZ,1711482527
272,mamit,23.9333,92.4833,14.16,96,8,1.39,IN,1711482529
273,tsiroanomandidy,-18.7667,46.0333,19.26,69,73,1.25,MG,1711482530
274,constitucion,-35.3333,-72.4167,20.99,70,48,8.31,CL,1711482523
275,konarka,19.9,86.1167,26.22,82,6,5.61,IN,1711482532
276,marsa alam,25.0757,34.8918,20.38,54,66,3.02,EG,1711482533
277,tikhvin,59.6451,33.5294,-0.99,92,98,2.37,RU,1711482284
278,marsh harbour,26.5412,-77.0636,22.71,67,48,5.24,BS,1711482534
279,pallasovka,50.05,46.8833,2.82,97,100,9.84,RU,1711482535
280,tralee,52.2704,-9.7026,6.04,91,94,1.35,IE,1711482506
281,ancud,-41.8697,-73.8203,15.5,73,54,2.06,CL,1711482502
282,pasuquin,18.3328,120.6177,24.97,94,20,1.03,PH,1711482538
283,tomakivka,47.8157,34.7414,6.77,87,25,3.02,UA,1711482258
284,st. john's,47.5649,-52.7093,3.42,57,100,1.03,CA,1711482540
285,banda aceh,5.5577,95.3222,27.89,77,99,1.15,ID,1711482541
286,zhezqazghan,47.7833,67.7667,10.24,63,100,7.38,KZ,1711482420
287,werdau,50.7333,12.3833,10.0,68,100,1.69,DE,1711482543
288,corinto,37.9407,22.9573,16.24,93,93,2.53,GR,1711482544
289,anadyr,64.75,177.4833,-20.56,76,40,8.0,RU,1711482545
290,castillos,-34.1667,-53.8333,20.16,64,10,3.69,UY,1711482518
291,porto novo,6.4965,2.6036,29.9,81,59,3.02,BJ,1711482533
292,roma,43.2128,-75.4557,12.2,60,0,6.17,US,1711482547
293,asola,45.2211,10.4136,10.43,90,100,4.42,IT,1711482548
294,huron,41.1501,-82.5499,13.53,78,100,10.11,US,1711482549
295,sao felix do xingu,-6.6447,-51.995,26.59,95,100,0.39,BR,1711482550
296,mar del plata,-38.0023,-57.5575,23.62,74,0,8.94,AR,1711482269
297,suva,-18.1416,178.4415,24.71,100,75,1.54,FJ,1711482274
298,alexandria,31.2156,29.9553,19.37,42,100,3.28,EG,1711482553
299,klaksvik,62.2266,-6.589,1.51,68,100,12.42,FO,1711482519
300,ciudad bolivar,8.1222,-63.5497,39.77,20,3,3.87,VE,1711482555
301,peraia,40.5003,22.925,13.53,80,75,4.63,GR,1711482556
302,isiro,2.7739,27.616,20.77,94,69,1.43,CD,1711482528
303,ola,59.5833,151.2833,-13.65,96,91,3.26,RU,1711482328
304,sambava,-14.2667,50.1667,24.95,94,100,8.86,MG,1711482558
305,catalao,-18.1658,-47.9464,19.03,97,100,2.2,BR,1711482559
306,kitimat,54.0524,-128.6534,9.82,77,90,3.13,CA,1711482560
307,afaahiti,-17.75,-149.2833,28.93,74,78,6.7,PF,1711482561
308,la sarre,48.8002,-79.1996,3.86,80,100,6.8,CA,1711482541
309,northam,51.0333,-4.2167,7.92,85,100,4.64,GB,1711482541
310,kargil,34.5667,76.1,-9.34,80,100,1.31,IN,1711482564
311,monroeville,40.4212,-79.7881,11.28,85,100,0.89,US,1711482550
312,eydhafushi,5.1033,73.0708,28.3,76,19,3.1,MV,1711482567
313,aleg,17.0481,-13.9209,30.63,18,100,4.73,MR,1711482567
314,tokar,18.4254,37.729,23.87,54,0,3.98,SD,1711482568
315,nchelenge,-9.3451,28.734,22.35,83,100,1.93,ZM,1711482569
316,manismata,-2.4667,111.0333,23.53,98,95,0.44,ID,1711482570
317,gunjur,13.2019,-16.7339,26.04,57,0,6.69,GM,1711482571
318,tahara,34.6667,137.2667,7.97,50,15,9.98,JP,1711482572
319,loch garman,52.3342,-6.4575,8.27,100,91,5.36,IE,1711482573
320,grants,35.1473,-107.8514,5.13,45,40,6.17,US,1711482431
321,bardai,11.65,7.2333,28.29,10,100,2.46,NG,1711482575
322,villa union,23.2,-106.2333,25.98,34,0,4.63,MX,1711482576
323,rijau,11.103,5.2507,33.28,26,100,0.71,NG,1711482576
324,grahamstown,-33.3042,26.5328,16.64,95,100,2.19,ZA,1711482577
325,grand falls-windsor,48.9332,-55.6649,3.98,39,100,0.85,CA,1711482416
326,rajapur,25.3833,81.15,26.03,23,62,0.55,IN,1711482579
327,marion,39.7684,-86.1555,16.11,67,75,11.32,US,1711482486
328,jhunjhunun,28.1307,75.4014,26.35,27,100,3.92,IN,1711482581
329,antsiranana,-12.2787,49.2917,24.93,93,100,4.44,MG,1711482582
330,hadibu,12.65,54.0333,27.27,82,23,1.89,YE,1711482583
331,fuglafjordur,62.244,-6.814,1.26,70,100,11.47,FO,1711482584
332,veraval,20.9,70.3667,25.85,71,100,6.04,IN,1711482585
333,bubaque,11.2833,-15.8333,25.22,72,100,6.29,GW,1711482586
334,puerto baquerizo moreno,-0.9,-89.6,28.55,79,75,4.63,EC,1711482509
335,berbera,10.4396,45.0143,27.36,80,21,1.75,SO,1711482587
336,aliade,7.2964,8.487,33.53,31,75,1.9,NG,1711482588
337,freetown,8.484,-13.2299,26.23,77,11,4.37,SL,1711482589
338,nova vicosa,-17.8919,-39.3719,27.54,73,60,4.9,BR,1711482548
339,ibiza,38.9088,1.433,14.56,51,0,8.23,ES,1711482590
340,vorgashor,67.5833,63.95,-26.29,100,70,0.94,RU,1711482591
341,san patricio,28.017,-97.5169,24.53,33,0,3.96,US,1711482592
342,vrede,-27.4257,29.1659,15.38,66,40,1.9,ZA,1711482593
343,howrah,22.5892,88.3103,26.0,89,40,3.09,IN,1711482324
344,ishigaki,24.3448,124.1572,19.07,82,75,4.12,JP,1711482595
345,floro,61.5996,5.0328,3.98,60,75,5.14,NO,1711482597
346,luderitz,-26.6481,15.1594,17.96,71,3,8.78,NA,1711482598
347,tanumah,27.1,44.1333,19.04,26,0,2.89,SA,1711482599
348,saint-philippe,-21.3585,55.7679,24.77,73,100,5.35,RE,1711482600
349,bikenibeu village,1.3673,173.1241,25.98,94,75,2.57,KI,1711482601
350,karonga,-9.9333,33.9333,23.24,88,44,1.68,MW,1711482602
351,buala,-8.145,159.5921,27.1,84,80,1.58,SB,1711482603
352,kavieng,-2.5744,150.7967,27.84,75,84,1.13,PG,1711482604
353,yaren,-0.5472,166.916,27.78,80,79,5.16,NR,1711482525
354,dauphin,51.1494,-100.0502,-9.92,67,100,7.2,CA,1711482606
355,tazovsky,67.4667,78.7,-20.43,92,100,2.99,RU,1711482607
356,geidam,12.897,11.9304,28.21,11,94,4.12,NG,1711482608
357,tra vinh,9.9347,106.3453,27.04,76,44,5.22,VN,1711482609
358,shahkot,31.0775,75.3372,24.2,26,100,2.61,IN,1711482371
359,siavonga,-16.5382,28.7088,25.91,64,7,3.03,ZM,1711482611
360,puerto armuelles,8.2833,-82.8667,32.99,62,60,2.24,PA,1711482612
361,kirakira,-10.4544,161.9205,25.96,84,66,2.14,SB,1711482613
362,pacific grove,36.6177,-121.9166,16.56,68,100,5.14,US,1711482614
363,deniliquin,-35.5333,144.9667,12.4,79,0,3.45,AU,1711482615
364,mangaratiba,-22.9597,-44.0406,24.48,89,100,1.92,BR,1711482616
365,gadzhiyevo,69.2551,33.3362,-9.68,94,100,2.84,RU,1711482516
366,choibalsan,48.0667,114.5,-6.11,77,88,4.21,MN,1711482618
367,el alto,-4.2714,-81.2147,31.81,71,73,4.85,PE,1711482531
368,zabol,32.25,67.25,14.09,58,100,2.59,AF,1711482620
369,balikpapan,-1.2675,116.8289,27.55,94,20,2.06,ID,1711482621
370,quellon,-43.1167,-73.6167,14.3,74,100,2.43,CL,1711482622
371,nikolayevsk-on-amure,53.1406,140.73,-11.47,91,13,1.16,RU,1711482624
372,kone,-21.0595,164.8658,24.26,84,59,1.18,NC,1711482625
373,chaplynka,46.3651,33.5403,6.4,91,98,3.74,UA,1711482626
374,nogliki,51.8333,143.1667,-11.48,90,5,2.24,RU,1711482627
375,kuqa,41.7278,82.9364,12.19,30,10,1.5,CN,1711482628
376,ridgecrest,35.6225,-117.6709,17.92,17,20,3.09,US,1711482629
377,omdurman,15.6445,32.4777,27.23,13,58,4.67,SD,1711482630
378,pucon,-39.2822,-71.9543,20.09,78,83,1.06,CL,1711482566
379,coesfeld,51.9333,7.15,11.06,64,87,3.33,DE,1711482632
380,oamaru,-45.0784,170.9801,9.65,92,99,4.47,NZ,1711482633
381,bonnyville,54.2668,-110.735,-1.11,38,100,7.22,CA,1711482634
382,vetlanda,57.4289,15.0776,3.92,92,100,3.34,SE,1711482635
383,homer,59.6425,-151.5483,6.13,85,100,0.0,US,1711482622
384,shingu,33.7333,135.9833,5.41,76,62,3.28,JP,1711482637
385,jeju city,33.5097,126.5219,6.96,93,75,2.06,KR,1711482638
386,saint-francois,46.4154,3.9054,7.69,88,75,2.06,FR,1711482425
387,sandnessjoen,66.0217,12.6316,-0.88,47,20,2.57,NO,1711482640
388,tselinnoye,53.0833,85.6667,-7.63,97,99,1.91,RU,1711482641
389,tympaki,35.0729,24.7685,20.68,40,99,2.92,GR,1711482642
390,songyang,34.4553,113.0281,10.65,85,100,2.1,CN,1711482643
391,dongola,19.1667,30.4833,23.77,12,0,4.55,SD,1711482548
392,sai buri,6.7013,101.6168,27.76,73,100,3.26,TH,1711482644
393,seward,40.907,-97.0989,-1.03,79,93,8.49,US,1711482645
394,cobija,-11.0267,-68.7692,33.1,62,40,3.09,BO,1711482553
395,ulanhot,46.0833,122.0833,0.74,44,35,2.5,CN,1711482648
396,bandarbeyla,9.4942,50.8122,27.97,82,81,4.99,SO,1711482649
397,tabou,4.423,-7.3528,27.44,87,66,3.51,CI,1711482650
398,kalmunai,7.4167,81.8167,26.62,82,12,1.92,LK,1711482651
399,kadnikov,59.5022,40.338,1.01,98,100,0.61,RU,1711482652
400,argo,37.6333,22.7333,15.99,90,67,1.26,GR,1711482653
401,mathba,22.2855,89.9629,23.55,85,51,1.83,BD,1711482653
402,polyarnyy,69.1989,33.4478,-8.98,93,100,3.06,RU,1711482654
403,coquimbo,-29.9533,-71.3436,20.85,68,20,4.12,CL,1711482162
404,lagos,6.5833,3.75,30.18,82,100,2.95,NG,1711482435
405,stillwater,36.1156,-97.0584,10.06,47,0,7.2,US,1711482402
406,delijan,33.9905,50.6838,10.56,38,21,3.61,IR,1711482659
407,khobar,26.2794,50.2083,20.97,48,0,2.57,SA,1711482499
408,fort st. john,56.2499,-120.8529,6.94,39,40,5.66,CA,1711482474
409,saint-pierre,-21.3393,55.4781,24.82,61,100,5.66,RE,1711482662
410,tutayev,57.8853,39.5406,0.88,100,100,1.11,RU,1711482662
411,fort mcmurray,56.7268,-111.381,1.77,34,75,7.2,CA,1711482491
412,keflavik,64.0049,-22.5624,-0.05,100,100,5.66,IS,1711482511
413,dwarka,22.2394,68.9678,25.22,81,7,5.87,IN,1711482522
414,karangampel,-6.4622,108.4519,26.78,81,76,3.04,ID,1711482667
415,mili,6.0815,171.735,27.66,79,100,7.27,MH,1711482669
416,sabana de torres,7.3915,-73.4957,33.34,56,62,1.25,CO,1711482670
417,abengourou,6.7297,-3.4964,26.42,77,92,0.4,CI,1711482671
418,rongelap,11.1635,166.8941,26.92,75,76,8.55,MH,1711482672
419,conception bay south,47.4999,-52.9981,3.29,53,100,0.98,CA,1711482670
420,selfoss,63.9331,-20.9971,-1.64,63,100,5.47,IS,1711482674
421,portstewart,55.1813,-6.714,6.85,80,100,10.2,GB,1711482675
422,makurazaki,31.2667,130.3167,10.53,72,0,4.85,JP,1711482676
423,lompoc,34.6391,-120.4579,20.56,63,0,7.2,US,1711482677
424,turan,16.0678,108.2208,24.99,94,20,1.54,VN,1711482678
425,san-pedro,4.7485,-6.6363,27.34,87,83,2.96,CI,1711482679
426,northampton,40.8754,-75.2499,14.32,63,100,2.76,US,1711482680
427,gangtok,27.3333,88.6167,10.23,67,68,2.18,IN,1711482681
428,madimba,-10.4,40.3333,25.62,94,75,2.57,TZ,1711482682
429,port-cartier,50.0334,-66.8654,1.53,86,98,6.0,CA,1711482684
430,divaca,45.6847,13.9703,7.75,93,100,1.52,SI,1711482685
431,cinisi,38.1562,13.1073,17.56,72,20,5.14,IT,1711482686
432,naberera,-4.2,36.9333,18.21,95,96,2.62,TZ,1711482687
433,rabigh,22.7986,39.0349,24.05,58,0,6.68,SA,1711482688
434,puerto aysen,-45.4,-72.7,14.97,82,95,2.56,CL,1711482672
435,mabaruma,8.2,-59.7833,30.52,52,47,4.03,GY,1711482690
436,luba,3.4568,8.5547,27.94,82,99,3.53,GQ,1711482691
437,kingston,17.997,-76.7936,31.76,60,20,8.23,JM,1711482412
438,lionel town,17.8101,-77.2406,32.17,58,5,4.88,JM,1711482693
439,basco,20.4487,121.9702,25.8,72,100,8.39,PH,1711482694
440,garachico,28.7781,-17.7646,16.06,59,20,8.75,ES,1711482695
441,podporozh'ye,60.9112,34.1706,-0.77,97,98,1.86,RU,1711482696
442,kourou,5.1552,-52.6478,31.03,65,69,4.19,GF,1711482618
443,gazojak,41.1875,61.4036,13.84,40,0,3.88,TM,1711482698
444,nabire,-3.3667,135.4833,25.05,90,95,1.21,ID,1711482401
445,camocim,-2.9022,-40.8411,26.15,88,99,3.02,BR,1711482700
446,beloyarskiy,63.7119,66.6722,-17.02,100,83,1.41,RU,1711482701
447,alo,7.4178,6.7371,33.6,35,92,0.48,NG,1711482702
448,zhuji,29.7188,120.2423,9.33,90,100,0.45,CN,1711482704
449,nizhniy kuranakh,58.8353,125.4869,-7.65,92,92,2.32,RU,1711482705
450,weno,7.4515,151.8468,27.97,89,100,4.12,FM,1711482706
451,camana,-16.6228,-72.7111,24.21,70,11,2.45,PE,1711482707
452,badhni kalan,30.6833,75.2833,24.21,26,99,3.23,IN,1711482708
453,la junta,37.985,-103.5438,-0.84,74,0,5.66,US,1711482412
454,ventspils,57.3894,21.5606,1.96,100,100,0.51,LV,1711482710
455,usogorsk,63.4106,48.6872,-4.63,85,99,1.25,RU,1711482711
456,la'ie,21.6477,-157.9253,26.98,74,17,3.13,US,1711482501
457,namtsy,62.7161,129.6658,-12.9,95,100,3.95,RU,1711482713
458,haiku-pauwela,20.9219,-156.3051,26.2,69,20,5.66,US,1711482516
459,micheweni,-4.9667,39.8333,28.04,80,98,3.15,TZ,1711482715
460,holualoa,19.6228,-155.9522,24.91,77,75,5.66,US,1711482536
461,scarborough,54.2797,-0.4044,7.59,91,100,0.89,GB,1711482705
462,jabat,7.75,168.9751,27.34,76,89,8.58,MH,1711482717
463,kavaratti,10.5669,72.642,28.46,68,8,3.67,IN,1711482718
464,okhotsk,59.3833,143.3,-13.82,98,100,2.93,RU,1711482511
465,dhidhdhoo,6.8833,73.1,28.31,72,100,1.55,MV,1711482540
466,imperatriz,-5.5264,-47.4917,30.03,66,40,4.12,BR,1711482721
467,nurlat,54.4277,50.8051,1.86,97,100,10.26,RU,1711482722
468,santa cruz,-17.8,-63.1667,36.03,34,40,8.23,BO,1711482723
469,krishnarajpet,12.655,76.4883,23.81,37,2,2.05,IN,1711482724
470,debre tabor,11.85,38.0167,16.57,33,35,0.54,ET,1711482725
471,morondava,-20.2833,44.2833,26.94,58,100,4.95,MG,1711482726
472,belel,7.05,14.4333,21.76,16,25,1.79,CM,1711482520
473,lata,40.1629,-8.3327,11.15,91,86,7.37,PT,1711482728
474,couzeix,45.8705,1.2383,5.26,100,100,4.63,FR,1711482729
475,ndele,8.4109,20.6473,28.11,51,99,1.32,CF,1711482730
476,revda,56.801,59.9303,1.61,99,100,3.28,RU,1711482510
477,al kharijah,25.4514,30.5464,21.12,12,85,3.28,EG,1711482731
478,igarka,67.4667,86.5833,-30.4,99,59,3.18,RU,1711482732
479,bom jesus,-9.0744,-44.3586,30.23,51,94,1.36,BR,1711482733
480,aykhal,66.0,111.5,-23.05,99,100,3.15,RU,1711482502
481,cabanas,22.9758,-82.9219,30.3,51,95,7.45,CU,1711482735
482,selkirk,50.1436,-96.8845,-6.07,91,100,8.49,CA,1711482549
483,ain leuh,33.2921,-5.3384,0.79,93,71,8.01,MA,1711482739
484,opuwo,-18.0607,13.84,23.43,61,84,1.87,NA,1711482740
485,urbana,40.1106,-88.2073,9.17,76,100,12.52,US,1711482741
486,pavlovka,52.6897,47.1405,1.18,97,100,10.11,RU,1711482527
487,roschinskiy,53.2669,40.0039,0.81,99,100,4.06,RU,1711482742
488,sinop,41.7711,34.8709,2.69,73,0,3.75,TR,1711482481
489,ornskoldsvik,63.2909,18.7153,-3.47,93,100,2.06,SE,1711482744
490,mujiayingzi,42.1167,118.7833,4.51,87,15,3.9,CN,1711482745
491,beboto,8.2668,16.939,28.83,15,5,0.87,TD,1711482746
492,sao joao da barra,-21.6403,-41.0511,25.05,85,100,4.23,BR,1711482748
493,prince george,53.9166,-122.753,10.16,47,20,4.12,CA,1711482749
494,genc,38.7507,40.5603,0.91,72,0,0.14,TR,1711482750
495,tucumcari,35.1717,-103.725,6.91,61,20,2.93,US,1711482751
496,murud,18.3258,72.965,25.57,80,0,2.32,IN,1711482752
497,kas,36.2018,29.6377,16.68,71,100,3.3,TR,1711482753
498,benghazi,32.1167,20.0667,23.18,28,24,9.68,LY,1711482754
499,uturoa,-16.7333,-151.4333,28.86,72,29,5.63,PF,1711482755
500,gebeit,21.0667,36.3167,18.38,41,0,1.9,SD,1711482756
501,gore,-46.1028,168.9436,6.85,98,100,4.07,NZ,1711482757
502,arys,42.4252,68.795,16.04,89,100,5.19,KZ,1711482758
503,daru,-9.0763,143.2092,26.98,83,100,1.54,PG,1711482526
504,talara,-4.5772,-81.2719,33.42,52,0,6.17,PE,1711482513
505,murun-kuren,49.6342,100.1625,-6.71,57,85,8.12,MN,1711482761
506,mezhdurechenskiy,59.6,65.9333,0.33,99,100,0.28,RU,1711482762
507,mount gambier,-37.8333,140.7667,10.6,91,0,1.2,AU,1711482511
508,avila,40.5833,-5.0,1.47,96,100,5.88,ES,1711482517
509,east london,-33.0153,27.9116,22.73,91,99,3.83,ZA,1711482765
510,la ronge,55.1001,-105.2842,-7.86,29,20,4.12,CA,1711482503
511,chos malal,-37.3781,-70.2709,31.0,13,0,3.85,AR,1711482767
512,andorra,42.5,1.5,3.02,99,100,0.86,AD,1711482768
513,mpika,-11.8343,31.4529,17.21,98,60,2.28,ZM,1711482769
514,portland,45.5234,-122.6762,13.49,74,75,7.72,US,1711482465
515,kalabo,-14.97,22.6814,26.43,34,96,2.36,ZM,1711482771
516,santa elena de uairen,4.6167,-61.1333,31.62,33,76,1.74,VE,1711482772
517,quatre cocos,-20.2078,57.7625,25.06,66,100,6.87,MU,1711482773
518,pacasmayo,-7.4006,-79.5714,25.41,72,23,5.75,PE,1711482773
519,mizdah,31.4451,12.9801,22.88,19,0,4.01,LY,1711482774
520,vanino,49.0869,140.2543,-5.6,89,5,2.19,RU,1711482775
521,ozieri,40.586,9.0012,10.39,97,100,2.02,IT,1711482776
522,ulsteinvik,62.3432,5.8487,4.06,53,100,3.58,NO,1711482533
523,el colorado,-26.3081,-59.3729,30.61,42,0,2.82,AR,1711482779
524,horsham,51.064,-0.3272,9.85,80,75,0.51,GB,1711482780
525,arno,60.1167,18.6333,0.44,98,100,4.22,SE,1711482781
526,island harbour,50.724,-1.2758,7.74,93,100,0.45,GB,1711482782
527,takanabe,32.1333,131.5,8.94,78,3,2.35,JP,1711482782
528,taslicay,39.6336,43.375,-5.89,86,70,1.92,TR,1711482783
529,aksu,41.1231,80.2644,12.38,27,89,1.6,CN,1711482785
530,ismailia,30.6043,32.2723,20.9,31,99,2.38,EG,1711482786
531,cabo san lucas,22.8909,-109.9124,23.2,43,0,7.2,MX,1711482291
532,hluti,-27.2167,31.6167,17.36,97,17,0.99,SZ,1711482788
533,ain sukhna,29.6002,32.3167,21.23,29,99,0.21,EG,1711482789
534,colac,-38.3333,143.5833,13.24,95,8,1.63,AU,1711482790
535,archangelos,36.2149,28.1149,16.84,75,100,2.28,GR,1711482791
536,la malbaie,47.6575,-70.1559,3.14,81,100,3.67,CA,1711482793
537,sakaiminato,35.55,133.2333,5.99,70,40,1.54,JP,1711482794
538,ouesso,1.6136,16.0517,22.76,92,80,2.0,CG,1711482794
539,ponta delgada,37.7333,-25.6667,16.4,77,75,9.26,PT,1711482795
540,carnarvon,-24.8667,113.6333,24.83,63,0,6.75,AU,1711482525
541,aberdeen,57.1437,-2.0981,1.97,86,63,2.06,GB,1711482659
542,can tho,10.0333,105.7833,26.99,89,20,3.6,VN,1711482798
543,ballina,-28.8667,153.5667,20.43,88,99,3.16,AU,1711482799
544,ibshaway,29.358,30.6814,21.14,25,82,0.41,EG,1711482800
545,angaur state,6.906,134.13,28.0,80,36,6.28,PW,1711482801
546,caleta de carquin,-11.0925,-77.6267,24.56,77,98,4.19,PE,1711482802
547,vylkove,45.4021,29.586,8.23,59,0,0.93,UA,1711482803
548,baoshan,46.5586,131.4244,-2.11,75,2,2.79,CN,1711482804
549,nea alikarnassos,35.3333,25.1667,20.52,52,75,2.57,GR,1711482805
550,sarykemer,43.0,71.5,17.71,67,100,1.88,KZ,1711482805
551,cocal,-28.6167,-49.35,23.05,70,19,2.67,BR,1711482806
552,gonzales,30.2385,-90.9201,24.5,58,100,3.09,US,1711482683
553,ha'il,27.5219,41.6907,18.01,32,0,1.03,SA,1711482809
554,n'zeto,-7.2312,12.8666,27.84,88,38,2.72,AO,1711482810
555,pendleton,45.6721,-118.7886,13.78,49,40,10.8,US,1711482804
556,lashkar gah,31.5938,64.3716,19.65,61,92,5.47,AF,1711482812
557,rawson,-43.3002,-65.1023,24.72,46,21,3.83,AR,1711482519
558,pierre,44.3683,-100.351,-2.86,62,0,8.75,US,1711482640
559,acajutla,13.5928,-89.8275,31.33,58,0,5.15,SV,1711482815
560,topolobampo,25.6,-109.05,22.75,33,0,5.94,MX,1711482815
561,nuuk,64.1835,-51.7216,-2.66,93,40,6.71,GL,1711482598
562,hithadhoo,-0.6,73.0833,28.52,74,99,1.72,MV,1711482530
563,simanggang,1.2472,111.4528,25.99,94,100,0.0,MY,1711482819
564,isangel,-19.55,169.2667,25.99,89,78,4.75,VU,1711482820
565,lyubymivka,46.8106,33.5686,6.22,92,98,3.68,UA,1711482821
566,hilo,19.7297,-155.09,25.61,80,75,2.06,US,1711482675
567,soure,-0.7167,-48.5233,26.72,82,84,4.32,BR,1711482823
568,sungai penuh,-2.0833,101.3833,18.16,96,80,1.33,ID,1711482824
